3.505000e+02	3.500000e-03
3.515000e+02	3.760000e-03
3.525000e+02	3.450000e-03
3.535000e+02	2.660000e-03
3.545000e+02	3.000000e-03
3.555000e+02	3.500000e-03
3.564000e+02	3.200000e-03
3.574000e+02	3.800000e-03
3.585000e+02	4.310000e-03
3.595000e+02	4.620000e-03
3.604000e+02	4.670000e-03
3.615000e+02	4.810000e-03
3.625000e+02	4.900000e-03
3.636000e+02	5.230000e-03
3.645000e+02	5.100000e-03
3.655000e+02	5.320000e-03
3.666000e+02	5.560000e-03
3.675000e+02	5.550000e-03
3.686000e+02	5.840000e-03
3.696000e+02	5.960000e-03
3.705000e+02	6.190000e-03
3.716000e+02	6.340000e-03
3.726000e+02	6.470000e-03
3.735000e+02	6.660000e-03
3.746000e+02	6.860000e-03
3.755000e+02	7.110000e-03
3.765000e+02	7.360000e-03
3.775000e+02	7.630000e-03
3.785000e+02	7.790000e-03
3.796000e+02	8.070000e-03
3.806000e+02	8.450000e-03
3.815000e+02	8.590000e-03
3.825000e+02	8.900000e-03
3.835000e+02	9.460000e-03
3.845000e+02	9.720000e-03
3.855000e+02	1.016000e-02
3.865000e+02	1.036000e-02
3.876000e+02	1.098000e-02
3.887000e+02	1.140000e-02
3.896000e+02	1.186000e-02
3.907000e+02	1.246000e-02
3.916000e+02	1.292000e-02
3.926000e+02	1.356000e-02
3.936000e+02	1.380000e-02
3.947000e+02	1.444000e-02
3.955000e+02	1.523000e-02
3.967000e+02	1.595000e-02
3.977000e+02	1.671000e-02
3.986000e+02	1.748000e-02
3.997000e+02	1.827000e-02
4.006000e+02	1.876000e-02
4.016000e+02	1.964000e-02
4.027000e+02	2.120000e-02
4.037000e+02	2.172000e-02
4.047000e+02	2.256000e-02
4.056000e+02	2.374000e-02
4.067000e+02	2.480000e-02
4.077000e+02	2.729000e-02
4.086000e+02	2.703000e-02
4.097000e+02	2.844000e-02
4.107000e+02	2.968000e-02
4.116000e+02	3.106000e-02
4.126000e+02	3.251000e-02
4.138000e+02	3.411000e-02
4.147000e+02	3.556000e-02
4.158000e+02	3.718000e-02
4.167000e+02	3.872000e-02
4.177000e+02	4.008000e-02
4.188000e+02	4.164000e-02
4.198000e+02	4.291000e-02
4.207000e+02	4.327000e-02
4.218000e+02	4.364000e-02
4.228000e+02	4.567000e-02
4.238000e+02	4.677000e-02
4.248000e+02	4.791000e-02
4.258000e+02	4.873000e-02
4.267000e+02	4.945000e-02
4.277000e+02	5.000000e-02
4.287000e+02	5.050000e-02
4.298000e+02	5.085000e-02
4.306000e+02	5.109000e-02
4.317000e+02	5.094000e-02
4.326000e+02	5.103000e-02
4.337000e+02	5.096000e-02
4.347000e+02	5.056000e-02
4.357000e+02	5.000000e-02
4.367000e+02	4.936000e-02
4.378000e+02	4.849000e-02
4.389000e+02	4.732000e-02
4.398000e+02	4.596000e-02
4.410000e+02	4.492000e-02
4.419000e+02	4.452000e-02
4.429000e+02	4.326000e-02
4.438000e+02	4.179000e-02
4.449000e+02	4.072000e-02
4.458000e+02	3.930000e-02
4.468000e+02	3.785000e-02
4.478000e+02	3.631000e-02
4.488000e+02	3.487000e-02
4.497000e+02	3.325000e-02
4.508000e+02	3.036000e-02
4.519000e+02	2.869000e-02
4.528000e+02	2.850000e-02
4.538000e+02	2.666000e-02
4.548000e+02	2.504000e-02
4.558000e+02	2.342000e-02
4.568000e+02	2.172000e-02
4.579000e+02	2.026000e-02
4.589000e+02	1.842000e-02
4.599000e+02	1.482000e-02
4.609000e+02	1.288000e-02
4.619000e+02	1.122000e-02
4.629000e+02	9.400000e-03
4.640000e+02	7.480000e-03
4.650000e+02	5.930000e-03
4.661000e+02	3.960000e-03
4.670000e+02	2.320000e-03
4.680000e+02	6.500000e-04
4.689000e+02	-9.800000e-04
4.700000e+02	-3.420000e-03
4.710000e+02	-5.020000e-03
4.719000e+02	-6.150000e-03
4.730000e+02	-8.010000e-03
4.739000e+02	-9.750000e-03
4.750000e+02	-1.125000e-02
4.760000e+02	-1.325000e-02
4.769000e+02	-1.486000e-02
4.779000e+02	-1.641000e-02
4.790000e+02	-1.834000e-02
4.800000e+02	-1.997000e-02
4.809000e+02	-2.170000e-02
4.820000e+02	-2.346000e-02
4.829000e+02	-2.497000e-02
4.839000e+02	-2.666000e-02
4.850000e+02	-2.835000e-02
4.860000e+02	-2.987000e-02
4.869000e+02	-3.127000e-02
4.880000e+02	-3.298000e-02
4.891000e+02	-3.511000e-02
4.900000e+02	-3.643000e-02
4.910000e+02	-3.740000e-02
4.921000e+02	-3.895000e-02
4.930000e+02	-4.031000e-02
4.940000e+02	-4.168000e-02
4.951000e+02	-4.288000e-02
4.961000e+02	-4.395000e-02
4.971000e+02	-4.527000e-02
4.981000e+02	-4.625000e-02
4.991000e+02	-4.712000e-02
5.001000e+02	-4.858000e-02
5.011000e+02	-4.810000e-02
5.021000e+02	-4.991000e-02
5.031000e+02	-5.009000e-02
5.041000e+02	-5.071000e-02
5.051000e+02	-4.975000e-02
5.061000e+02	-5.110000e-02
5.071000e+02	-5.088000e-02
5.081000e+02	-5.087000e-02
5.091000e+02	-5.028000e-02
5.100000e+02	-4.976000e-02
5.111000e+02	-4.904000e-02
5.121000e+02	-4.829000e-02
5.131000e+02	-4.730000e-02
5.142000e+02	-4.621000e-02
5.152000e+02	-4.504000e-02
5.162000e+02	-4.371000e-02
5.172000e+02	-4.235000e-02
5.182000e+02	-4.144000e-02
5.192000e+02	-4.038000e-02
5.202000e+02	-3.796000e-02
5.212000e+02	-3.636000e-02
5.221000e+02	-3.492000e-02
5.232000e+02	-3.415000e-02
5.242000e+02	-3.264000e-02
5.251000e+02	-3.127000e-02
5.262000e+02	-2.974000e-02
5.272000e+02	-2.816000e-02
5.281000e+02	-2.683000e-02
5.291000e+02	-2.587000e-02
5.302000e+02	-2.468000e-02
5.312000e+02	-2.374000e-02
5.321000e+02	-2.285000e-02
5.332000e+02	-2.141000e-02
5.341000e+02	-2.060000e-02
5.352000e+02	-1.948000e-02
5.362000e+02	-1.857000e-02
5.371000e+02	-1.817000e-02
5.382000e+02	-1.682000e-02
5.393000e+02	-1.605000e-02
5.402000e+02	-1.537000e-02
5.413000e+02	-1.459000e-02
5.423000e+02	-1.391000e-02
5.433000e+02	-1.337000e-02
5.442000e+02	-1.286000e-02
5.453000e+02	-1.233000e-02
5.463000e+02	-1.160000e-02
5.473000e+02	-1.135000e-02
5.484000e+02	-1.090000e-02
5.493000e+02	-1.041000e-02
5.503000e+02	-9.980000e-03
5.513000e+02	-9.630000e-03
5.523000e+02	-9.260000e-03
5.533000e+02	-8.910000e-03
5.542000e+02	-8.470000e-03
5.553000e+02	-8.230000e-03
5.562000e+02	-7.840000e-03
5.573000e+02	-7.390000e-03
5.583000e+02	-7.280000e-03
5.593000e+02	-7.200000e-03
5.603000e+02	-6.720000e-03
5.614000e+02	-6.410000e-03
5.623000e+02	-6.180000e-03
5.634000e+02	-5.910000e-03
5.645000e+02	-5.800000e-03
5.654000e+02	-5.630000e-03
5.663000e+02	-5.320000e-03
5.675000e+02	-5.180000e-03
5.685000e+02	-4.910000e-03
5.694000e+02	-4.870000e-03
5.704000e+02	-4.560000e-03
5.714000e+02	-4.470000e-03
5.724000e+02	-4.370000e-03
5.734000e+02	-4.210000e-03
5.744000e+02	-4.180000e-03
5.754000e+02	-3.900000e-03
5.764000e+02	-3.820000e-03
5.774000e+02	-3.740000e-03
5.785000e+02	-3.500000e-03
5.794000e+02	-3.480000e-03
5.804000e+02	-3.300000e-03
5.814000e+02	-3.260000e-03
5.824000e+02	-3.060000e-03
5.834000e+02	-2.840000e-03
5.844000e+02	-2.990000e-03
5.854000e+02	-2.870000e-03
5.865000e+02	-2.570000e-03
5.875000e+02	-2.540000e-03
5.885000e+02	-2.570000e-03
5.896000e+02	-2.420000e-03
5.906000e+02	-2.330000e-03
5.915000e+02	-2.310000e-03
5.925000e+02	-2.290000e-03
5.935000e+02	-2.170000e-03
5.945000e+02	-2.210000e-03
5.955000e+02	-2.100000e-03
5.966000e+02	-2.090000e-03
5.976000e+02	-1.940000e-03
5.984000e+02	-2.180000e-03
5.995000e+02	-1.990000e-03
6.005000e+02	-1.800000e-03
